0.30714199
-0.33102602
0.44124290
-0.16233404
0.16526201
0.23398755
0.37335923
-0.30844891
0.13725299
-0.26131743
-0.09168895
-0.24276707
-0.03714984
0.26351026
-0.30161300
0.20391998
0.28803116
0.58862811
-0.26141790
-0.27459663
0.35766494
0.16284534
-0.23710041
-0.08659163
0.47225434
-0.23109990
0.41993132
-0.02248637
-0.18745376
0.39842251
0.16493098
0.10166863
-0.43895945
0.30052114
-0.04728434
-0.00862607
0.30428201
-0.21977991
0.30719268
-0.16316842
0.21990107
-0.04333680
-0.00138280
0.55059820
-0.13030703
0.35271791
-0.19035394
0.08542930
0.10037023
0.26447916
0.11236012
-0.11067101
-0.12536487
0.34409535
0.00774138
0.28921819
0.22802073
0.17495315
0.12321210
-0.15377462
0.03355655
0.05068401
-0.00816557
-0.21809037
