-0.08535200
0.04896868
0.06809853
0.02518704
-0.08434577
-0.00617938
0.07534343
-0.10130955
-0.09104005
-0.02981452
0.08697058
-0.09072646
-0.05686099
0.15922840
-0.04117013
0.18431289
-0.07462596
-0.04786806
0.00712019
0.11423203
0.16813701
0.12348270
-0.04435949
0.02884014
0.06906223
-0.04120220
-0.00115750
-0.05424815
0.16973716
0.09407459
-0.04576254
0.03316431
0.22947226
-0.04780583
-0.05852378
0.03493367
0.09730969
0.12570700
0.10807862
0.19229867
0.01664544
0.00608540
-0.05403616
-0.10097670
0.05748929
-0.04845052
-0.02376517
0.12503919
0.05352269
-0.04213528
-0.06819703
-0.07324532
-0.08901978
-0.10172550
0.02457075
-0.03362992
-0.02821424
0.07549626
0.01582905
-0.06627046
0.14503662
-0.05339893
0.14894283
0.04463555
