-0.32644787 0.73719549 0.09051493 0.48254052 -0.04167291
0.45269507 0.33073756 0.28916919 -0.05039179 0.80939895
-0.36958167 -0.16862887 0.40160629 -0.33981791 -0.30650052
-0.32883328 -0.40159941 -0.48277661 -0.37614658 0.44185835
0.22795695 -0.05195504 -0.30291957 0.32793087 0.51388997
0.29101372 -0.52267456 0.31297815 -0.43620205 -0.63146758
-0.07278929 0.66352952 -0.05173336 -0.39041156 -0.19272938
-0.42631736 -0.11874273 0.07007272 -0.47836789 0.50798821
-0.23134755 0.23293017 -0.28360873 0.49907365 -0.41646153
0.34888259 0.53812265 0.43308157 0.16217743 0.51226157
-0.07779366 0.52410764 0.24680018 -0.26426283 0.39330450
-0.10368745 0.50516033 0.45014241 -0.19675010 0.35267770
0.09074119 0.59323210 0.26038852 0.25429177 0.69063884
-0.43599761 0.48626328 0.44614127 -0.55893672 0.09443909
-0.19650038 0.37360579 -0.39032853 0.43263802 0.58277595
0.38879621 0.07311201 -0.06930058 0.53299993 -0.33814269
-0.53863621 0.43062529 -0.14153022 0.32489148 -0.05611547
-0.46457598 -0.30401531 0.19841839 -0.53588212 0.21483803
-0.20422608 -0.33861324 0.26797622 -0.60867119 0.25541553
-0.45980123 -0.62498885 0.47673661 -0.23161863 0.16146778
0.25572467 -0.48642185 0.12451906 0.04705682 0.13477913
-0.03638221 -0.20850161 0.01823656 0.47333187 0.62817794
-0.06974406 -0.46639585 -0.10095426 -0.25011021 0.70918047
0.42547175 -0.24843685 -0.45452613 0.40007147 -0.70016336
-0.18881908 0.26501650 -0.41517934 0.05567731 -0.59218282
0.36987346 0.60275900 -0.06754372 0.53569555 0.27313450
-0.47415781 -0.14624825 -0.30939519 0.12245995 -0.45274979
0.00133110 -0.17364228 -0.35531142 0.41152099 0.52005792
0.70719969 -0.26872978 0.25806800 0.67376739 -0.23595130
-0.37895679 0.29678661 -0.08558155 -0.53082722 -0.12921450
0.32574400 -0.01456365 -0.40914544 -0.32507777 0.21749195
0.21415278 -0.02981461 -0.35134479 0.82524151 0.16280892
0.06569543 0.40152615 0.52480072 -0.37301213 0.53632921
-0.15243647 -0.07439000 -0.09045312 0.10852888 0.76164043
-0.37648180 0.11899595 0.20421581 0.28472868 -0.45826837
-0.59307587 0.51687598 -0.18714291 0.20113641 0.14908978
-0.49434379 0.26998228 0.27497417 0.51060253 0.16530490
0.15073624 0.44843233 -0.37048712 -0.15571402 0.10833275
-0.49318758 -0.16127758 0.53659099 -0.00980230 -0.53036445
0.23727815 -0.41936362 0.42005926 -0.35935250 0.09588889
-0.54433179 -0.23350208 0.51064920 0.20751224 0.12252650
-0.13175343 -0.62872928 0.32154855 0.90146667 0.21404028
-0.34537736 -0.31079188 0.19438441 0.19552308 -0.02862827
0.22895475 -0.41871545 -0.05213128 -0.27145258 -0.42393169
0.03097447 -0.09112758 -0.51001894 -0.02196660 -0.37994456
-0.16189070 0.51399690 0.06941331 -0.11051799 -0.70611256
-0.31649789 -0.16677995 -0.13408385 -0.51970893 -0.30867073
0.03650955 0.37783799 0.11983187 -0.46178761 -0.74163002
0.22457068 -0.03155425 0.60847104 0.36938468 -0.55653566
0.30207843 0.28720033 -0.24572542 0.32794386 0.46670032
0.10244396 0.50998086 0.28096285 0.31246459 0.44069695
0.13032921 0.48499098 -0.43410885 -0.34053913 0.65992987
0.35831320 -0.02345090 0.10372918 -0.29109254 0.43138540
-0.10118375 0.12728833 0.42797300 0.51015347 0.34383255
-0.43900335 -0.41002989 -0.61988807 0.26717472 -0.16650555
-0.22601514 0.09094882 0.52651238 -0.23495387 0.03423467
-0.30854160 0.12752689 -0.32764822 0.02096080 -0.89370996
-0.32950065 0.10323505 -0.11110000 0.42880511 0.66920227
-0.04853529 -0.31753778 -0.03181021 -0.01627501 0.41674566
-0.20004314 0.27949995 0.15179870 0.55363530 -0.28170803
0.63255888 -0.47833031 0.44022861 -0.00956597 0.45685616
-0.61682296 0.41739520 -0.41411048 -0.58352906 0.43642733
0.15196705 0.49627200 0.50333220 -0.22927472 -0.58821762
0.46815926 0.11506694 0.09383944 -0.18463092 0.40550742
